%YAML:1.0
---


model_type: PINHOLE
camera_name: camera
image_width: 640
image_height: 480
distortion_parameters:
   k1: -0.302291567876
   k2: 0.0844495494493
   p1: -0.000647263440775
   p2: -0.000153326703759

   
projection_parameters:
   fx: 351.0953369140625
   fy: 351.46868896484375
   cx: 327.9303894042969
   cy:  249.9491729736328



#model_type: MEI
#camera_name: camera
#image_width: 752

#image_width: 640
#image_height: 480

#mirror_parameters:
#   xi: 1.4456544769803834e+00
#distortion_parameters:
#   k1: -3.4363053357673362e-01   -0.343
#   k2: 6.2347376791548004e-02    0.0623
#   p1: 1.2608078788285675e-03    0.00126
#   p2: -2.1374139252651483e-04   -0.0002137
#   k1: -0.302291567876
#   k2:  0.0844495494493
#   p1: -0.000647263440775
#   p2: -0.000153326703759



#projection_parameters:
   #gamma1: 8.9594371861807986e+02
   #gamma2: 8.9741581479032754e+02
   #u0: 3.7221680816143993e+02
   #v0: 2.3833534175557006e+02
#   gamma1: 356.02839995
#   gamma2: 354.994776483
#   u0:  326.169011124
#   v0: 250.946016946