cam0:
  cam_overlaps: []
  camera_model: pinhole
  distortion_coeffs: [0.10881896023506395, -0.21752820205778983, 0.0029763712860679625,
    0.004622278770550621]
  distortion_model: radtan
  intrinsics: [569.5505673706692, 566.5622957461413, 345.03083378399714, 252.51646765917047]
  resolution: [640, 480]
  rostopic: /camera/color/image_mono
